1 600
3 400
5 3242
6 4672
7 78
8 105
9 9193
10 100
11 4509
12 2535
13 101
14 269
15 3666
16 8358
17 6131
18 6594
19 3043
20 144
21 7435
22 6437
23 9885
24 1771
25 6751
26 6129
27 979
28 1599
29 57
30 1206
31 2973
32 9403
33 5317
34 8106
35 2939
36 1884
37 6523
38 2287
39 6690
40 4113
41 5429
42 6396
43 9371
44 8668
45 7298
46 3307
47 164
48 2828
49 6106
50 9400
51 5609
52 8061
53 7822
54 5310
55 6750
56 9626
57 3113
58 5754
59 6004
60 8188
61 2844
62 9465
63 6955
64 9219
65 4604
66 2875
67 6753
68 214
69 1449
70 9157
71 9446
72 5464
73 3990
74 7159
75 2500
76 2665
77 3991
78 9059
79 5685
80 7152
81 3894
82 6510
83 5947
84 3883
85 3181
86 8760
87 2543
88 7564
89 45
90 427
91 7959
92 3178
93 5209
94 9234
95 6745
96 7936
97 3185
98 3454
99 3935
100 8362
101 9518
102 949
103 6547
104 6786
105 23
106 854
107 6548
108 116
109 9265
110 430
111 5183
112 1844
113 2648
114 5692
115 7337
116 22
117 3781
118 7874
119 5898
120 2349
121 7761
122 9076
123 4954
124 8290
125 9780
126 1489
127 1819
128 5831
129 6611
130 9266
131 2469
132 8010
133 7603
134 286
135 7286
136 4895
137 8731
138 8716
139 4082
140 2038
141 4814
142 8611
143 5999
144 8301
145 9413
146 6439
147 6654
148 250
149 5295
150 966
151 9158
152 4024
153 2843
154 7987
155 4933
156 4188
157 9540
158 8350
159 2983
160 1665
161 3722
162 7812
163 936
164 4311
165 1019
166 4005
167 5306
168 4766
169 6475
170 3145
171 8814
172 8322
173 2761
174 6245
175 4261
176 2640
177 4563
178 3375
179 3479
180 6601
181 752
182 4665
183 2967
184 5775
185 8016
186 6945
187 1868
188 8564
189 3703
190 6776
191 9309
192 7687
193 2682
194 4159
195 4674
196 6527
197 646
198 5744
199 7120
200 4864
201 647
202 747
203 8462
204 6204
205 6636
206 6030
207 4917
208 8739
209 5317
210 9555
211 53
212 330
213 4442
214 9338
215 2854
216 4838
217 8802
218 71
219 545
220 2524
221 3828
222 2564
223 1232
224 5134
225 6464
226 8
227 7367
228 9174
229 5560
230 9702
231 6695
232 3250
233 2303
234 5781
235 2471
236 9700
237 8203
238 4446
239 3467
240 4115
241 5663
242 3512
243 7090
244 7017
245 7824
246 3598
247 7733
248 3097
249 2790
250 5309
251 427
252 2425
253 3437
254 5215
255 72
256 269
257 5422
258 8209
259 6148
260 9523
261 9001
262 5255
263 8658
264 4193
265 2413
266 1037
267 9384
268 9903
269 3688
270 5031
271 4516
272 494
273 1099
274 869
275 5781
276 2320
277 4027
278 2474
279 2904
280 844
281 3185
282 2284
283 3414
284 1853
285 8004
286 3664
287 7945
288 2526
289 7314
290 4117
291 7668
292 5762
293 7300
294 727
295 5619
296 9487
297 504
298 5884
299 623
300 697
301 9877
302 4760
303 4293
304 6921
305 6647
306 2271
307 8523
308 8963
309 5
310 2175
311 5734
312 8776
313 8528
314 6979
315 6374
316 3951
317 6082
318 659
319 1768
320 5474
321 8764
322 8297
323 6595
324 1010
325 2425
326 7719
327 6999
328 2190
329 3759
330 9591
331 6777
332 3669
333 3577
334 5429
335 4293
336 5409
337 7421
338 2661
339 319
340 6003
341 6356
342 3625
343 4451
344 9819
345 4055
346 7626
347 8889
348 4342
349 832
350 9337
351 6271
352 476
353 9063
354 9982
355 8148
356 1989
357 4281
358 3039
359 7023
360 7856
361 8726
362 6097
363 8764
364 2431
365 3239
366 7524
367 1512
368 5401
369 3014
370 9160
371 5121
372 4904
373 9323
374 5090
375 7760
376 2400
377 8421
378 9202
379 8701
380 5118
381 1767
382 5261
383 9631
384 4065
385 1077
386 4638
387 5744
388 7978
389 7655
390 4342
391 7456
392 7784
393 611
394 6408
395 3585
396 7688
397 8363
398 5396
399 7786
400 5961
401 1589
402 6762
403 4467
404 8588
405 6072
406 920
407 1871
408 5748
409 3322
410 5789
411 6385
412 8183
413 889
414 1603
415 7917
416 8276
417 9704
418 808
419 8614
420 2974
421 7410
422 9665
423 7847
424 7631
425 5467
426 4366
427 8275
428 6373
429 8560
430 9471
431 774
432 4962
433 1422
434 541
435 9708
436 9704
437 7147
438 3973
439 7069
440 4938
441 7342
442 2764
443 7838
444 6882
445 9337
446 1742
447 7640
448 5308
449 3765
450 5844
451 6414
452 8036
453 7201
454 1942
455 3050
456 8582
457 3120
458 8701
459 633
460 3857
461 4116
462 2269
463 9784
464 8605
465 2593
466 7233
467 6967
468 1725
469 8526
470 2816
471 1205
472 3853
473 359
474 275
475 5405
476 8336
477 480
478 4308
479 5565
480 5875
481 9671
482 5536
483 692
484 2914
485 3063
486 1527
487 9244
488 1933
489 7290
490 3594
491 5197
492 5540
493 1586
494 4861
495 6674
496 1116
497 282
498 7763
499 6585
500 6731
501 1407
502 8836
503 1987
504 1408
505 7591
506 66
507 7628
508 3217
509 3524
510 7250
511 8326
512 9118
513 3248
514 4356
515 9189
516 2031
517 2551
518 4501
519 2464
520 334
521 6612
522 94
523 2744
524 1762
525 8341
526 3306
527 8505
528 4072
529 4868
530 2216
531 1039
532 9828
533 517
534 6174
535 3488
536 4127
537 3079
538 1939
539 3072
540 5271
541 6320
542 680
543 1311
544 6852
545 8036
546 23
547 3691
548 6374
549 5420
550 3661
551 6260
552 1361
553 3039
554 1829
555 6951
556 9127
557 4360
558 4279
559 499
560 3651
561 8912
562 530
563 1170
564 5338
565 6141
566 5247
567 3104
568 9538
569 8848
570 4116
571 3615
572 30
573 1418
574 3897
575 811
576 4225
577 8052
578 9141
579 6686
580 6502
581 3227
582 8187
583 909
584 2658
585 2364
586 4876
587 7945
588 8335
589 5760
590 4401
591 6488
592 7445
593 9403
594 8603
595 5020
596 9004
597 7596
598 3808
599 8063
600 8485
601 4818
602 8967
603 718
604 3053
605 3293
606 3760
607 6808
608 3162
609 1120
610 1742
611 6469
612 2197
613 8187
614 1117
615 5885
616 3617
617 2588
618 1281
619 1679
620 7125
621 2391
622 1855
623 838
624 9413
625 9366
626 5945
627 3964
628 9483
629 8101
630 6685
631 8286
632 4096
633 3299
634 5333
635 798
636 746
637 3965
638 8275
639 7755
640 7051
641 3984
642 7117
643 433
644 8917
645 7184
646 9669
647 2284
648 7696
649 3528
650 3154
651 8006
652 283
653 8896
654 6735
655 2236
656 5993
657 4654
658 9729
659 3467
660 6960
661 6207
662 7345
663 3092
664 6261
665 9213
666 2283
667 6259
668 4085
669 2521
670 6569
671 5837
672 7455
673 2265
674 4925
675 9130
676 952
677 7548
678 2267
679 8443
680 3489
681 7986
682 2585
683 7984
684 8825
685 776
686 2987
687 8959
688 1004
689 8076
690 9413
691 4791
692 206
693 6419
694 3029
695 8428
696 5480
697 9505
698 5515
699 1771
700 7104
701 2462
702 9184
703 1817
704 4532
705 7965
706 9020
707 2996
708 8079
709 380
710 3289
711 9121
712 6933
713 1814
714 4862
715 4927
716 350
717 8202
718 7184
719 8005
720 7560
721 6594
722 3776
723 8415
724 8024
725 6158
726 9458
727 4112
728 8654
729 8585
730 3282
731 3934
732 5686
733 9187
734 1307
735 6856
736 2392
737 9257
738 5928
739 5861
740 4364
741 8063
742 3744
743 5773
744 1779
745 4951
746 5184
747 9614
748 988
749 300
750 8496
751 5852
752 7386
753 7386
754 5772
755 8955
756 3865
757 2863
758 594
759 1924
760 9239
761 6359
762 3055
763 8081
764 8637
765 1271
766 6076
767 2050
768 9073
769 1351
770 6736
771 4838
772 8942
773 3619
774 7422
775 7876
776 4244
777 185
778 7929
779 6920
780 9024
781 6353
782 3871
783 6053
784 2736
785 2788
786 2149
787 5931
788 7251
789 3842
790 4398
791 5056
792 7101
793 1181
794 5460
795 8089
796 7218
797 7311
798 1333
799 1391
800 9527
801 1615
802 13
803 6097
804 263
805 7320
806 4426
807 2731
808 9946
809 4179
810 2519
811 4589
812 5709
813 909
814 1856
815 4619
816 6096
817 2500
818 8360
819 566
820 3630
821 7714
822 8223
823 5477
824 7259
825 434
826 5913
827 7129
828 4690
829 9858
830 2277
831 4466
832 1055
833 6614
834 7959
835 2530
836 4594
837 9817
838 3623
839 2520
840 4373
841 3218
842 3694
843 767
844 5933
845 8006
846 1382
847 4786
848 3812
849 9563
850 9283
851 7947
852 4470
853 9513
854 9560
855 7300
856 1836
857 9463
858 6426
859 9179
860 5722
861 8170
862 3168
863 7322
864 4504
865 75
866 100
867 993
868 4901
869 6074
870 9948
871 132
872 8534
873 2257
874 4496
875 9345
876 3624
877 2425
878 1754
879 6406
880 6665
881 6071
882 2428
883 571
884 5044
885 8330
886 5798
887 1866
888 6542
889 355
890 8879
891 9399
892 2730
893 9804
894 8660
895 5777
896 5673
897 9277
898 4905
899 9229
900 601
901 9423
902 7109
903 473
904 9903
905 4412
906 3758
907 3519
908 2327
909 1931
910 4105
911 7067
912 6559
913 1494
914 2038
915 5582
916 859
917 9309
918 3401
919 3662
920 1408
921 8259
922 2996
923 6932
924 6043
925 935
926 9072
927 5696
928 5147
929 4883
930 9850
931 5766
932 8735
933 623
934 883
935 5011
936 7112
937 4460
938 3352
939 1237
940 7688
941 5771
942 3796
943 7507
944 960
945 8546
946 1822
947 5073
948 137
949 5013
950 2462
951 2365
952 4229
953 4293
954 3073
955 2114
956 258
957 2608
958 676
959 6889
960 6143
961 7504
962 4756
963 4693
964 7063
965 6492
966 7756
967 8293
968 6788
969 4765
970 6121
971 646
972 1612
973 6703
974 9281
975 1284
976 4015
977 7296
978 3528
979 8004
980 6020
981 5710
982 4308
983 5705
984 230
985 2217
986 7367
987 2965
988 1272
989 3547
990 7573
991 5972
992 2834
993 9278
994 8178
995 899
996 1298
997 6235
998 1108
999 4069
1000 9306
1001 711
1002 588
1003 9363
1004 9369
1005 9972
1006 1715
1007 9750
1008 3308
1009 8455
1010 8468
1011 9665
1012 5747
1013 4121
1014 5097
1015 4907
1016 3772
1017 2944
1018 1746
1019 7360
1020 1168
1021 37
1022 1939
1023 3942
1024 4347
1025 8276
1026 3808
1027 8909
1028 1398
1029 1203
1030 5245
1031 5177
1032 7890
1033 950
1034 817
1035 7678
1036 2101
1037 8314
1038 8782
1039 4072
1040 1318
1041 842
1042 7506
1043 2268
1044 138
1045 8351
1046 3756
1047 3620
1048 4422
1049 2352
1050 3696
1051 762
1052 9592
1053 7769
1054 5373
1055 9217
1056 8414
1057 536
1058 19
1059 6050
1060 5594
1061 8296
1062 3093
1063 6629
1064 6080
1065 9906
1066 1141
1067 6281
1068 9321
1069 7843
1070 2814
1071 5510
1072 9947
1073 8278
1074 2227
1075 2102
1076 2619
1077 1839
1078 1480
1079 4532
1080 5411
1081 3431
1082 1872
1083 3854
1084 834
1085 3979
1086 915
1087 8244
1088 6513
1089 1058
1090 9527
1091 9298
1092 4126
1093 7086
1094 4488
1095 7581
1096 3527
1097 1792
1098 7119
1099 3862
1100 7003
1101 2137
1102 6287
1103 169
1104 4688
1105 6110
1106 2318
1107 9897
1108 9033
1109 5720
1110 9328
1111 5912
1112 8530
1113 9770
1114 2457
1115 942
1116 2971
1117 5998
1118 3501
1119 122
1120 1678
1121 3224
1122 2739
1123 1901
1124 2183
1125 9020
1126 1738
1127 3187
1128 6620
1129 1827
1130 8767
1131 3218
1132 6289
1133 2746
1134 6499
1135 2387
1136 824
1137 8465
1138 1309
1139 6604
1140 9066
1141 9725
1142 6961
1143 7870
1144 7404
1145 1413
1146 2375
1147 5928
1148 4074
1149 2461
1150 7924
1151 3950
1152 4032
1153 6056
1154 2238
1155 8243
1156 5987
1157 2498
1158 7940
1159 4714
1160 6603
1161 5607
1162 7872
1163 8145
1164 2952
1165 8250
1166 2718
1167 4106
1168 3149
1169 217
1170 9641
1171 9482
1172 8800
1173 3993
1174 3674
1175 4762
1176 3246
1177 2225
1178 8212
1179 5690
1180 8431
1181 5710
1182 2518
1183 6624
1184 8622
1185 8495
1186 5806
1187 1309
1188 2839
1189 9612
1190 4473
1191 2630
1192 2109
1193 6666
1194 1173
1195 6961
1196 54
1197 5223
1198 6383
1199 6345
1200 6405
1201 9175
1202 4327
1203 7752
1204 4843
1205 9773
1206 7001
1207 586
1208 8023
1209 3389
1210 6375
1211 5806
1212 4436
1213 5550
1214 8711
1215 9695
1216 9801
1217 5797
1218 4419
1219 4897
1220 554
1221 1454
1222 9768
1223 4850
1224 5461
1225 9460
1226 9642
1227 7773
1228 9762
1229 7981
1230 2864
1231 8470
1232 7441
1233 9320
1234 5819
1235 665
1236 9786
1237 5602
1238 6947
1239 7198
1240 5040
1241 3876
1242 396
1243 3083
1244 6366
1245 7565
1246 1495
1247 5190
1248 8949
1249 9194
1250 8806
1251 4999
1252 2315
1253 686
1254 9590
1255 2083
1256 2239
1257 1701
1258 794
1259 8849
1260 9355
1261 7979
1262 2728
1263 6374
1264 364
1265 5267
1266 1735
1267 7305
1268 2745
1269 8933
1270 9615
1271 6367
1272 1914
1273 3726
1274 3440
1275 3825
1276 138
1277 4785
1278 2424
1279 7039
1280 3086
1281 5757
1282 9072
1283 1567
1284 4317
1285 801
1286 1357
1287 2371
1288 6139
1289 5624
1290 5168
1291 7269
1292 3608
1293 8132
1294 9309
1295 6539
1296 5320
1297 2876
1298 6530
1299 9770
1300 3173
1301 3544
1302 9346
1303 7072
1304 8404
1305 1840
1306 8949
1307 6397
1308 3481
1309 85
1310 757
1311 9281
1312 1088
1313 8628
1314 2599
1315 982
1316 1140
1317 5367
1318 2846
1319 7469
1320 6311
1321 4033
1322 2455
1323 4202
1324 3781
1325 9963
1326 3500
1327 3834
1328 5947
1329 1226
1330 2803
1331 7700
1332 1186
1333 8859
1334 2569
1335 2189
1336 5612
1337 8756
1338 4980
1339 7573
1340 4369
1341 8553
1342 2218
1343 5222
1344 1992
1345 2707
1346 4719
1347 624
1348 9197
1349 4698
1350 3884
1351 6027
1352 3663
1353 5801
1354 2593
1355 7207
1356 1275
1357 8629
1358 8291
1359 2118
1360 8074
1361 1032
1362 4596
1363 1154
1364 1457
1365 394
1366 9095
1367 3660
1368 2707
1369 621
1370 426
1371 5933
1372 8809
1373 6343
1374 9061
1375 9703
1376 1202
1377 7384
1378 9438
1379 4817
1380 7190
1381 1914
1382 5606
1383 3139
1384 3718
1385 5167
1386 2156
1387 2270
1388 9247
1389 6605
1390 9885
1391 7078
1392 1417
1393 3771
1394 4946
1395 9742
1396 2006
1397 8014
1398 9299
1399 8363
1400 7790
1401 9563
1402 2232
1403 2883
1404 8239
1405 8764
1406 184
1407 6484
1408 2962
1409 7603
1410 1288
1411 3316
1412 9556
1413 1683
1414 5502
1415 9210
1416 4043
1417 3243
1418 6974
1419 291
1420 5719
1421 8203
1422 6031
1423 5878
1424 7667
1425 4249
1426 6078
1427 845
1428 1282
1429 6765
1430 2551
1431 5208
1432 1495
1433 1477
1434 7932
1435 2404
1436 7775
1437 3582
1438 4468
1439 8717
1440 9497
1441 4085
1442 6979
1443 4904
1444 4585
1445 1272
1446 7090
1447 8290
1448 9051
1449 2713
1450 6312
1451 9122
1452 8103
1453 7678
1454 9869
1455 3732
1456 677
1457 1341
1458 2075
1459 4540
1460 6078
1461 2027
1462 1187
1463 4139
1464 3411
1465 2128
1466 5105
1467 8817
1468 6514
1469 5643
1470 7842
1471 534
1472 9026
1473 2954
1474 7950
1475 6378
1476 2513
1477 5360
1478 5044
1479 1743
1480 263
1481 5957
1482 1399
1483 9324
1484 5515
1485 2071
1486 9541
1487 3247
1488 6344
1489 4858
1490 9686
1491 9233
1492 7477
1493 2993
1494 649
1495 1485
1496 4200
1497 4928
1498 2174
1499 4259
1500 9054
1501 9658
1502 3814
1503 1679
1504 37
1505 4120
1506 1414
1507 4730
1508 3433
1509 241
1510 4829
1511 1184
1512 7984
1513 5877
1514 7072
1515 1844
1516 2068
1517 413
1518 4803
1519 2375
1520 8640
1521 77
1522 8053
1523 3237
1524 3694
1525 7507
1526 112
1527 1921
1528 2871
1529 8610
1530 605
1531 7808
1532 5715
1533 1632
1534 1932
1535 9065
1536 7285
1537 4419
1538 7897
1539 1685
1540 2286
1541 2687
1542 7284
1543 643
1544 8437
1545 1696
1546 4688
1547 9834
1548 765
1549 6906
1550 6149
1551 9298
1552 5167
1553 7124
1554 4042
1555 3027
1556 3673
1557 6316
1558 8690
1559 3187
1560 2712
1561 9483
1562 356
1563 8337
1564 5372
1565 6993
1566 8710
1567 7627
1568 7658
1569 9010
1570 2308
1571 7459
1572 8722
1573 2620
1574 4231
1575 7230
1576 5430
1577 6007
1578 8445
1579 7209
1580 8633
1581 4711
1582 244
1583 71
1584 3362
1585 241
1586 4358
1587 315
1588 1917
1589 5288
1590 9766
1591 7144
1592 7865
1593 5383
1594 6637
1595 8663
1596 3433
1597 3728
1598 4959
1599 8819
1600 4975
1601 5105
1602 941
1603 9330
1604 5201
1605 2436
1606 6067
1607 5635
1608 1288
1609 2687
1610 9644
1611 4413
1612 5885
1613 8189
1614 727
1615 7640
1616 3820
1617 9066
1618 5283
1619 5917
1620 3592
1621 9880
1622 3852
1623 3813
1624 9072
1625 2278
1626 6533
1627 2939
1628 20
1629 8585
1630 8150
1631 2759
1632 6021
1633 1861
1634 9694
1635 3803
1636 7856
1637 9611
1638 6119
1639 5972
1640 189
1641 9594
1642 8734
1643 4855
1644 2489
1645 7027
1646 3162
1647 6653
1648 8366
1649 4074
1650 3106
1651 9749
1652 8668
1653 3350
1654 4021
1655 8049
1656 5850
1657 7798
1658 1729
1659 2399
1660 7473
1661 7440
1662 941
1663 2365
1664 1286
1665 9051
1666 3067
1667 6113
1668 8673
1669 3769
1670 5450
1671 7457
1672 4362
1673 8535
1674 2775
1675 5653
1676 8758
1677 4429
1678 1815
1679 1418
1680 1709
1681 5412
1682 5504
1683 2140
1684 1482
1685 4279
1686 4098
1687 5788
1688 2573
1689 5001
1690 5985
1691 8335
1692 3599
1693 1248
1694 8099
1695 2709
1696 6928
1697 6533
1698 8725
1699 8047
1700 6039
1701 7935
1702 9597
1703 2956
1704 3712
1705 6879
1706 5264
1707 5848
1708 4087
1709 3625
1710 9163
1711 5236
1712 5605
1713 8622
1714 6017
1715 5903
1716 2871
1717 5293
1718 7705
1719 4477
1720 5361
1721 5603
1722 7405
1723 2713
1724 9276
1725 7742
1726 7553
1727 9308
1728 4145
1729 9075
1730 9765
1731 8129
1732 195
1733 2662
1734 899
1735 7789
1736 8098
1737 3884
1738 2611
1739 2738
1740 202
1741 5344
1742 5554
1743 2576
1744 8026
1745 6535
1746 3477
1747 6274
1748 6783
1749 537
1750 4621
1751 8584
1752 3954
1753 1203
1754 3778
1755 9536
1756 5855
1757 1823
1758 805
1759 641
1760 5067
1761 671
1762 7511
1763 1359
1764 6419
1765 5856
1766 8986
1767 1807
1768 9001
1769 1996
1770 9503
1771 8525
1772 7822
1773 4334
1774 1233
1775 5281
1776 2017
1777 3835
1778 5226
1779 600
1780 5404
1781 5389
1782 1681
1783 9308
1784 9565
1785 5659
1786 4907
1787 7598
1788 6808
1789 7421
1790 135
1791 8404
1792 3481
1793 2956
1794 3798
1795 1433
1796 2807
1797 4267
1798 5041
1799 134
1800 7591
1801 1202
1802 170
1803 5632
1804 5043
1805 1062
1806 6391
1807 2498
1808 8051
1809 3041
1810 7871
1811 784
1812 7505
1813 3610
1814 1877
1815 971
1816 5280
1817 7442
1818 5826
1819 4609
1820 7520
1821 3323
1822 718
1823 6652
1824 3052
1825 4575
1826 1873
1827 5830
1828 3030
1829 3154
1830 7287
1831 3736
1832 7956
1833 4039
1834 626
1835 7802
1836 3904
1837 2917
1838 7942
1839 8887
1840 8388
1841 9737
1842 6120
1843 5299
1844 8278
1845 7120
1846 1696
1847 2280
1848 1634
1849 5887
1850 7387
1851 964
1852 8950
1853 9112
1854 6009
1855 5251
1856 9410
1857 6435
1858 3640
1859 584
1860 4120
1861 3162
1862 9862
1863 900
1864 1644
1865 1826
1866 4059
1867 2574
1868 2807
1869 8924
1870 9704
1871 1505
1872 5780
1873 6494
1874 9437
1875 9263
1876 7887
1877 8785
1878 1955
1879 5047
1880 547
1881 3063
1882 596
1883 2967
1884 359
1885 3457
1886 6421
1887 3580
1888 3457
1889 459
1890 2358
1891 704
1892 392
1893 1105
1894 462
1895 7421
1896 9785
1897 1246
1898 8133
1899 3425
1900 5594
1901 4896
1902 4580
1903 2983
1904 3725
1905 9566
1906 6886
1907 9324
1908 6635
1909 7032
1910 6288
1911 5054
1912 7570
1913 473
1914 315
1915 1577
1916 2851
1917 3397
1918 2679
1919 386
1920 9098
1921 3926
1922 6610
1923 1733
1924 2826
1925 3470
1926 3916
1927 7653
1928 6223
1929 8144
1930 3598
1931 2154
1932 3279
1933 1570
1934 4236
1935 1780
1936 8081
1937 3848
1938 4111
1939 3929
1940 7504
1941 9956
1942 7511
1943 9610
1944 3168
1945 4614
1946 9175
1947 2017
1948 4238
1949 5673
1950 4000
1951 6189
1952 2777
1953 8977
1954 1792
1955 4342
1956 705
1957 4309
1958 9996
1959 7288
1960 303
1961 7202
1962 6520
1963 1242
1964 4794
1965 3204
1966 9623
1967 6970
1968 4337
1969 644
1970 1038
1971 4978
1972 2963
1973 8768
1974 4414
1975 9469
1976 7138
1977 8811
1978 5377
1979 3033
1980 5936
1981 9947
1982 8989
1983 295
1984 4103
1985 5105
1986 3386
1987 5470
1988 3304
1989 3534
1990 1018
1991 6514
1992 7224
1993 4393
1994 4183
1995 186
1996 6481
1997 669
1998 2108
1999 7025
2000 745
2001 3495
2002 1546
2003 6635
2004 6609
2005 20
2006 8691
2007 1051
2008 6083
2009 3292
2010 307
2011 6396
2012 5981
2013 8198
2014 9638
2015 7804
2016 5978
2017 4400
2018 6456
2019 392
2020 6716
2021 4791
2022 1706
2023 6137
2024 4050
2025 8069
2026 4421
2027 1270
2028 8938
2029 873
2030 4115
2031 8231
2032 9626
2033 230
2034 11
2035 5120
2036 1645
2037 896
2038 5254
2039 826
2040 699
2041 4990
2042 2702
2043 8479
2044 9342
2045 7000
2046 5942
2047 1872
2048 9864
2049 1755
2050 7768
2051 6218
2052 2345
2053 8844
2054 3341
2055 6840
2056 3208
2057 9075
2058 9487
2059 7298
2060 5953
2061 79
2062 2362
2063 8367
2064 9185
2065 1615
2066 9901
2067 1375
2068 5955
2069 5615
2070 4161
2071 4349
2072 3720
2073 3241
2074 4216
2075 2623
2076 2498
2077 7353
2078 2985
2079 9413
2080 9739
2081 3449
2082 5277
2083 8150
2084 6620
2085 6553
2086 5162
2087 7995
2088 4911
2089 8293
2090 6109
2091 9371
2092 737
2093 4775
2094 3220
2095 5332
2096 1060
2097 4512
2098 6776
2099 9411
2100 9720
2101 5529
2102 1692
2103 2064
2104 2388
2105 3674
2106 5057
2107 305
2108 7602
2109 6334
2110 3083
2111 3965
2112 3558
2113 8855
2114 4506
2115 4018
2116 8822
2117 4879
2118 8442
2119 9699
2120 7420
2121 1441
2122 8299
2123 9064
2124 5393
2125 5235
2126 2336
2127 4749
2128 4111
2129 2630
2130 7502
2131 3144
2132 1873
2133 6453
2134 6499
2135 704
2136 4890
2137 6456
2138 8662
2139 4595
2140 9725
2141 7589
2142 5201
2143 1027
2144 400
2145 6775
2146 4639
2147 615
2148 5263
2149 8401
2150 9438
2151 4938
2152 9882
2153 3376
2154 4484
2155 4508
2156 9092
2157 8232
2158 7856
2159 9842
2160 1606
2161 5975
2162 6221
2163 9026
2164 3528
2165 8714
2166 8360
2167 8980
2168 4755
2169 2456
2170 917
2171 6406
2172 739
2173 2554
2174 6301
2175 7345
2176 8420
2177 3881
2178 8841
2179 4508
2180 7060
2181 4965
2182 9464
2183 2668
2184 9015
2185 2011
2186 688
2187 1825
2188 1511
2189 5002
2190 9357
2191 120
2192 816
2193 7896
2194 2700
2195 9443
2196 4610
2197 117
2198 7320
2199 384
2200 6927
2201 4985
2202 6046
2203 9284
2204 2619
2205 9067
2206 628
2207 4282
2208 5916
2209 1992
2210 1904
2211 6117
2212 3568
2213 9873
2214 4999
2215 5278
2216 9517
2217 3047
2218 9943
2219 6452
2220 7513
2221 9636
2222 3047
2223 6047
2224 5155
2225 6350
2226 8008
2227 231
2228 2284
2229 8420
2230 1872
2231 1206
2232 8763
2233 3700
2234 4477
2235 7421
2236 2179
2237 8244
2238 3670
2239 1361
2240 4383
2241 6470
2242 3722
2243 9567
2244 4778
2245 8740
2246 3183
2247 1051
2248 6499
2249 1120
2250 5221
2251 1162
2252 5914
2253 1334
2254 6353
2255 8581
2256 3261
2257 857
2258 4658
2259 8258
2260 5906
2261 9816
2262 6902
2263 4068
2264 6092
2265 902
2266 5082
2267 3391
2268 9282
2269 2007
2270 8851
2271 7152
2272 9714
2273 9732
2274 3964
2275 431
2276 3116
2277 4748
2278 8399
2279 8473
2280 7250
2281 9717
2282 7163
2283 3763
2284 7268
2285 5204
2286 4870
2287 3869
2288 3865
2289 3348
2290 4113
2291 90
2292 1079
2293 6703
2294 550
2295 6044
2296 3028
2297 158
2298 1138
2299 2037
2300 7140
2301 875
2302 9073
2303 2982
2304 1213
2305 9700
2306 6927
2307 2873
2308 5328
2309 8339
2310 88
2311 5037
2312 1122
2313 7182
2314 1337
2315 6863
2316 5597
2317 6589
2318 4982
2319 9201
2320 3810
2321 4603
2322 9053
2323 8408
2324 1289
2325 5497
2326 1038
2327 7172
2328 8182
2329 8493
2330 5929
2331 738
2332 7967
2333 9243
2334 1134
2335 5773
2336 3060
2337 8796
2338 2704
2339 7734
2340 6519
2341 6071
2342 3340
2343 3465
2344 6343
2345 5227
2346 5066
2347 1905
2348 4284
2349 2782
2350 7580
2351 4464
2352 5172
2353 7642
2354 5143
2355 981
2356 8561
2357 1619
2358 4827
2359 125
2360 7424
2361 9911
2362 7692
2363 1232
2364 8750
2365 2106
2366 7742
2367 8112
2368 8431
2369 1098
2370 1101
2371 9457
2372 8601
2373 843
2374 4327
2375 3817
2376 9420
2377 2887
2378 7313
2379 4824
2380 8152
2381 6868
2382 9708
2383 9297
2384 4684
2385 4217
2386 7443
2387 9936
2388 5103
2389 2415
2390 4999
2391 7984
2392 8834
2393 6299
2394 8317
2395 5714
2396 2332
2397 5755
2398 2746
2399 2334
2400 2044
2401 1702
2402 1831
2403 6517
2404 8255
2405 6635
2406 6047
2407 762
2408 9050
2409 7043
2410 811
2411 8040
2412 1351
2413 2120
2414 88
2415 8658
2416 7029
2417 5076
2418 4708
2419 8299
2420 3221
2421 6854
2422 8914
2423 9223
2424 1453
2425 12
2426 7860
2427 1768
2428 2688
2429 2945
2430 900
2431 5235
2432 5983
2433 3577
2434 960
2435 3303
2436 8840
2437 3231
2438 6784
2439 7155
2440 6753
2441 2952
2442 9929
2443 5864
2444 8927
2445 4353
2446 7738
2447 7954
2448 1863
2449 816
2450 66
2451 6559
2452 863
2453 1917
2454 4490
2455 5995
2456 5241
2457 123
2458 5925
2459 6892
2460 3184
2461 8914
2462 5295
2463 5691
2464 3426
2465 4669
2466 8341
2467 9264
2468 5442
2469 3044
2470 3026
2471 7146
2472 6650
2473 1258
2474 3090
2475 45
2476 9331
2477 1945
2478 4339
2479 702
2480 776
2481 4057
2482 4476
2483 4302
2484 5344
2485 999
2486 344
2487 2728
2488 4602
2489 7293
2490 1379
2491 3320
2492 47
2493 5960
2494 4498
2495 6583
2496 3985
2497 9274
2498 7313
2499 2935
2500 1832
2501 7253
2502 2333
2503 2354
2504 2812
2505 5262
2506 739
2507 6294
2508 5806
2509 8104
2510 3732
2511 6699
2512 3018
2513 4900
2514 1023
2515 7685
2516 6768
2517 5100
2518 920
2519 6759
2520 69
2521 1470
2522 4100
2523 6961
2524 1855
2525 9200
2526 9934
2527 3671
2528 5894
2529 2970
2530 4974
2531 5757
2532 9749
2533 3724
2534 2074
2535 4742
2536 1838
2537 9774
2538 5950
2539 9365
2540 9982
2541 8633
2542 8081
2543 4732
2544 7964
2545 786
2546 6122
2547 8502
2548 3851
2549 7488
2550 1211
2551 8342
2552 9437
2553 6393
2554 993
2555 7480
2556 9588
2557 6805
2558 6277
2559 3466
2560 1216
2561 7497
2562 7127
2563 4133
2564 5000
2565 6484
2566 1985
2567 3004
2568 7429
2569 3249
2570 2302
2571 2328
2572 6414
2573 7192
2574 3304
2575 4563
2576 6772
2577 8801
2578 6559
2579 3305
2580 6843
2581 4259
2582 6098
2583 107
2584 6011
2585 4508
2586 946
2587 5005
2588 7486
2589 3844
2590 6587
2591 2559
2592 5288
2593 2152
2594 267
2595 1803
2596 1655
2597 4143
2598 8981
2599 8668
2600 5638
2601 4121
2602 2837
2603 6287
2604 7200
2605 9207
2606 4465
2607 7621
2608 5423
2609 6283
2610 1219
2611 1265
2612 8667
2613 9665
2614 5756
2615 5244
2616 3715
2617 2375
2618 3210
2619 4132
2620 3430
2621 1738
2622 1195
2623 8238
2624 4189
2625 5666
2626 8490
2627 712
2628 5943
2629 5953
2630 5258
2631 5835
2632 4221
2633 4384
2634 3541
2635 6195
2636 3845
2637 7460
2638 2165
2639 656
2640 9011
2641 6162
2642 4439
2643 9169
2644 2630
2645 1217
2646 1658
2647 2830
2648 3418
2649 6155
2650 9286
2651 5728
2652 6241
2653 4367
2654 720
2655 7176
2656 7480
2657 7415
2658 2146
2659 5597
2660 5983
2661 9454
2662 2361
2663 1069
2664 2591
2665 8206
2666 273
2667 6933
2668 6560
2669 7020
2670 4071
2671 6330
2672 3107
2673 5651
2674 5857
2675 3965
2676 4455
2677 6237
2678 1587
2679 2885
2680 2691
2681 5232
2682 9508
2683 4199
2684 1208
2685 8695
2686 9356
2687 7909
2688 779
2689 7576
2690 2455
2691 6719
2692 7254
2693 2562
2694 7064
2695 6145
2696 3602
2697 9282
2698 7265
2699 9381
2700 8982
2701 4513
2702 9005
2703 6288
2704 2691
2705 3777
2706 7635
2707 7009
2708 3634
2709 3505
2710 1345
2711 2569
2712 5525
2713 4609
2714 2528
2715 5174
2716 58
2717 9375
2718 1915
2719 2084
2720 2359
2721 466
2722 5141
2723 992
2724 7054
2725 4900
2726 7766
2727 7971
2728 1367
2729 4084
2730 9078
2731 2742
2732 5164
2733 4718
2734 8166
2735 4560
2736 9902
2737 1982
2738 1780
2739 5529
2740 9156
2741 4101
2742 4462
2743 9541
2744 7612
2745 8154
2746 3385
2747 4905
2748 3281
2749 1354
2750 1660
2751 4129
2752 1508
2753 5855
2754 3896
2755 7464
2756 4779
2757 6509
2758 5070
2759 1331
2760 6895
2761 8571
2762 8146
2763 3244
2764 3394
2765 3992
2766 9817
2767 3951
2768 3885
2769 276
2770 8560
2771 3043
2772 4906
2773 816
2774 935
2775 6680
2776 5490
2777 1901
2778 5528
2779 3818
2780 7915
2781 747
2782 5653
2783 4783
2784 332
2785 7200
2786 6716
2787 3121
2788 9128
2789 5732
2790 5430
2791 5553
2792 5797
2793 1282
2794 7344
2795 166
2796 8502
2797 1856
2798 2322
2799 3718
2800 995
2801 9089
2802 6775
2803 366
2804 5952
2805 3702
2806 5121
2807 5012
2808 6514
2809 7320
2810 9669
2811 9923
2812 712
2813 9746
2814 2426
2815 2190
2816 9651
2817 2082
2818 6367
2819 185
2820 8448
2821 2367
2822 9020
2823 4828
2824 8900
2825 5368
2826 7864
2827 3571
2828 4659
2829 5288
2830 4345
2831 7712
2832 3655
2833 8865
2834 1313
2835 7073
2836 7363
2837 8177
2838 8829
2839 3387
2840 3574
2841 8284
2842 9230
2843 7837
2844 426
2845 377
2846 8497
2847 9554
2848 1028
2849 6632
2850 8485
2851 9630
2852 5188
2853 4957
2854 5277
2855 9332
2856 133
2857 8509
2858 2876
2859 3612
2860 7820
2861 5766
2862 4263
2863 3901
2864 7163
2865 400
2866 6781
2867 6048
2868 8482
2869 2323
2870 8515
2871 8650
2872 6681
2873 7780
2874 2997
2875 3599
2876 9121
2877 4954
2878 9246
2879 7133
2880 9287
2881 4791
2882 3192
2883 5082
2884 6447
2885 64
2886 3668
2887 5194
2888 2636
2889 6731
2890 6451
2891 3789
2892 5477
2893 8248
2894 2852
2895 1704
2896 1144
2897 6830
2898 3948
2899 7821
2900 4371
2901 5881
2902 8952
2903 4108
2904 7897
2905 6579
2906 8397
2907 7768
2908 4228
2909 7962
2910 7612
2911 2647
2912 3063
2913 6102
2914 5656
2915 6273
2916 5333
2917 3094
2918 2545
2919 464
2920 6780
2921 5258
2922 3752
2923 5766
2924 4709
2925 6468
2926 4484
2927 4959
2928 3377
2929 1630
2930 6880
2931 3471
2932 7667
2933 939
2934 6389
2935 9163
2936 849
2937 4049
2938 6115
2939 2650
2940 3904
2941 9306
2942 3093
2943 8957
2944 3503
2945 6804
2946 5372
2947 6971
2948 3656
2949 4623
2950 8485
2951 6970
2952 976
2953 9262
2954 118
2955 5804
2956 7607
2957 7372
2958 2614
2959 873
2960 9976
2961 6965
2962 1197
2963 3815
2964 4522
2965 6330
2966 147
2967 8323
2968 867
2969 1092
2970 8861
2971 5192
2972 4339
2973 1071
2974 2136
2975 9444
2976 4930
2977 8353
2978 1528
2979 1984
2980 5414
2981 1570
2982 1219
2983 6609
2984 968
2985 176
2986 9187
2987 1449
2988 3680
2989 4768
2990 2423
2991 2887
2992 8639
2993 9898
2994 9689
2995 4013
2996 1396
2997 4550
2998 6387
2999 967
3000 6407
3001 9755
3002 859
3003 2266
3004 3230
3005 5407
3006 2985
3007 2101
3008 987
3009 3768
3010 843
3011 5304
3012 2595
3013 6780
3014 9048
3015 971
3016 1697
3017 9061
3018 8845
3019 2682
3020 8822
3021 8023
3022 7229
3023 3910
3024 3593
3025 8146
3026 2850
3027 281
3028 5355
3029 9536
3030 414
3031 5012
3032 4464
3033 9850
3034 9384
3035 7073
3036 9584
3037 4752
3038 8164
3039 5158
3040 6168
3041 2979
3042 6185
3043 4126
3044 6058
3045 7549
3046 5292
3047 2571
3048 9596
3049 5807
3050 9324
3051 4069
3052 8471
3053 9677
3054 5412
3055 6304
3056 7
3057 134
3058 4744
3059 5642
3060 9516
3061 2075
3062 8559
3063 1568
3064 2575
3065 4536
3066 9277
3067 4862
3068 4883
3069 9780
3070 6553
3071 6780
3072 7713
3073 348
3074 5201
3075 2039
3076 9073
3077 8033
3078 7011
3079 4937
3080 2460
3081 3965
3082 3465
3083 900
3084 7239
3085 7131
3086 5510
3087 6632
3088 806
3089 2639
3090 4661
3091 8862
3092 7392
3093 6907
3094 8862
3095 1966
3096 8158
3097 6799
3098 8072
3099 8157
3100 9282
3101 4853
3102 8371
3103 7791
3104 1977
3105 1264
3106 5160
3107 2268
3108 6093
3109 4773
3110 6747
3111 9515
3112 2169
3113 4103
3114 6069
3115 5571
3116 6530
3117 8956
3118 4833
3119 207
3120 2483
3121 7435
3122 2803
3123 8111
3124 4520
3125 4569
3126 2567
3127 1853
3128 5901
3129 418
3130 9135
3131 1499
3132 5830
3133 8328
3134 2019
3135 365
3136 6677
3137 119
3138 4972
3139 9238
3140 8566
3141 3872
3142 7630
3143 917
3144 3440
3145 9740
3146 8014
3147 146
3148 4034
3149 7828
3150 3242
3151 3981
3152 2037
3153 7309
3154 2960
3155 1224
3156 2610
3157 3441
3158 1371
3159 3512
3160 302
3161 5649
3162 1305
3163 4043
3164 218
3165 6577
3166 2595
3167 3391
3168 7008
3169 4818
3170 5886
3171 3489
3172 2849
3173 9440
3174 7278
3175 896
3176 5798
3177 1452
3178 5156
3179 5314
3180 4721
3181 3021
3182 927
3183 9301
3184 8889
3185 6569
3186 8334
3187 7277
3188 6538
3189 3800
3190 2549
3191 7897
3192 857
3193 4276
3194 2341
3195 8501
3196 8936
3197 8357
3198 1910
3199 4909
3200 901
3201 1762
3202 1469
3203 4054
3204 9833
3205 4127
3206 4886
3207 3627
3208 8469
3209 4276
3210 9404
3211 8327
3212 3157
3213 8232
3214 9128
3215 7204
3216 8745
3217 8524
3218 3296
3219 6050
3220 9606
3221 9967
3222 5104
3223 6654
3224 6995
3225 1560
3226 847
3227 8683
3228 8624
3229 5045
3230 8084
3231 2270
3232 4680
3233 8759
3234 9427
3235 1682
3236 3147
3237 3128
3238 2853
3239 883
3240 369
3241 8492
3242 2129
3243 1541
3244 1502
3245 6786
3246 2402
3247 6172
3248 1097
3249 8444
3250 4068
3251 7810
3252 9698
3253 9510
3254 6239
3255 7976
3256 1340
3257 2094
3258 7170
3259 7277
3260 8989
3261 2565
3262 3117
3263 1419
3264 3274
3265 7664
3266 3180
3267 5095
3268 3637
3269 1159
3270 2537
3271 6596
3272 6993
3273 1809
3274 3665
3275 7465
3276 2659
3277 9985
3278 2568
3279 270
3280 2142
3281 1934
3282 1784
3283 7352
3284 5640
3285 5822
3286 6044
3287 8688
3288 1792
3289 1255
3290 2362
3291 8358
3292 5778
3293 4813
3294 8647
3295 2208
3296 5540
3297 5597
3298 2398
3299 5341
3300 3040
3301 1668
3302 9906
3303 6915
3304 3315
3305 3797
3306 6560
3307 4317
3308 1597
3309 461
3310 892
3311 3026
3312 146
3313 1200
3314 4909
3315 11
3316 3197
3317 1111
3318 5436
3319 7661
3320 817
3321 4024
3322 498
3323 3172
3324 8388
3325 2179
3326 473
3327 5443
3328 5894
3329 5781
3330 7199
3331 9119
3332 8161
3333 8227
3334 9006
3335 5975
3336 4327
3337 7102
3338 2617
3339 8923
3340 2913
3341 827
3342 2842
3343 1564
3344 9173
3345 468
3346 273
3347 8652
3348 393
3349 6156
3350 5893
3351 5793
3352 4809
3353 1916
3354 4366
3355 3574
3356 1031
3357 2310
3358 8392
3359 6983
3360 1268
3361 383
3362 500
3363 140
3364 6430
3365 3646
3366 6641
3367 2524
3368 5799
3369 7399
3370 9374
3371 6452
3372 2616
3373 8038
3374 2455
3375 3019
3376 4463
3377 8054
3378 5937
3379 6220
3380 5073
3381 2867
3382 8224
3383 9295
3384 4294
3385 9811
3386 5099
3387 5150
3388 9901
3389 5408
3390 428
3391 8074
3392 8162
3393 5010
3394 7359
3395 5197
3396 1586
3397 9800
3398 8630
3399 6032
3400 8464
3401 1432
3402 8510
3403 3015
3404 9052
3405 6872
3406 3465
3407 3045
3408 253
3409 3827
3410 5937
3411 1620
3412 237
3413 1124
3414 3583
3415 1182
3416 4826
3417 3781
3418 8586
3419 25
3420 1576
3421 5056
3422 8799
3423 255
3424 6086
3425 2561
3426 9423
3427 9557
3428 8698
3429 1785
3430 7042
3431 6914
3432 8071
3433 7076
3434 1755
3435 9153
3436 2466
3437 6707
3438 8391
3439 8965
3440 4228
3441 4948
3442 2302
3443 39
3444 2255
3445 8379
3446 3404
3447 7613
3448 3607
3449 7431
3450 3025
3451 5772
3452 9137
3453 2336
3454 5730
3455 1331
3456 910
3457 2647
3458 514
3459 1782
3460 8359
3461 1149
3462 2684
3463 3820
3464 5199
3465 1900
3466 2892
3467 9705
3468 3281
3469 5113
3470 345
3471 7613
3472 3561
3473 2185
3474 8168
3475 2099
3476 6164
3477 3709
3478 6212
3479 5330
3480 8541
3481 7356
3482 2757
3483 4697
3484 3379
3485 84
3486 6941
3487 3502
3488 224
3489 525
3490 8998
3491 6438
3492 5126
3493 1622
3494 677
3495 3350
3496 5320
3497 312
3498 1333
3499 3175
3500 948
3501 3543
3502 5453
3503 8645
3504 3551
3505 7166
3506 1280
3507 5368
3508 3663
3509 238
3510 3491
3511 800
3512 6951
3513 5358
3514 1814
3515 3235
3516 2941
3517 9780
3518 7993
3519 8747
3520 7268
3521 5576
3522 9717
3523 2241
3524 9143
3525 2245
3526 4417
3527 7651
3528 1883
3529 8384
3530 9236
3531 8741
3532 323
3533 4884
3534 9902
3535 5725
3536 1093
3537 9525
3538 3764
3539 2507
3540 5436
3541 3250
3542 3150
3543 9556
3544 1118
3545 6652
3546 296
3547 9135
3548 4458
3549 9240
3550 5151
3551 8520
3552 6758
3553 3955
3554 9611
3555 6875
3556 1219
3557 7960
3558 4877
3559 9106
3560 7386
3561 2791
3562 6638
3563 1982
3564 5411
3565 2817
3566 6762
3567 6288
3568 8343
3569 8942
3570 4320
3571 7848
3572 9163
3573 2040
3574 5321
3575 7952
3576 858
3577 8806
3578 9248
3579 5427
3580 3216
3581 8445
3582 5326
3583 3849
3584 8322
3585 5879
3586 2274
3587 5865
3588 3498
3589 4629
3590 9669
3591 6078
3592 7101
3593 9589
3594 4705
3595 7350
3596 6811
3597 9708
3598 8738
3599 6361
3600 1806
3601 3849
3602 2506
3603 6783
3604 7351
3605 4413
3606 7196
3607 1144
3608 9803
3609 1202
3610 2907
3611 8428
3612 2796
3613 3859
3614 3150
3615 973
3616 2154
3617 4256
3618 9801
3619 2865
3620 2281
3621 2553
3622 2101
3623 7448
3624 222
3625 8822
3626 2087
3627 22
3628 4187
3629 5077
3630 9260
3631 9877
3632 1674
3633 9435
3634 3223
3635 9943
3636 3277
3637 2192
3638 1530
3639 2035
3640 1615
3641 8506
3642 7699
3643 2212
3644 8528
3645 2764
3646 5015
3647 9617
3648 6565
3649 1647
3650 8778
3651 6656
3652 7368
3653 2526
3654 4262
3655 7324
3656 2427
3657 8785
3658 8831
3659 9446
3660 1309
3661 2927
3662 6090
3663 6183
3664 4700
3665 2788
3666 1905
3667 1670
3668 3010
3669 5156
3670 5475
3671 3804
3672 2577
3673 5029
3674 1136
3675 417
3676 7956
3677 4294
3678 7032
3679 6198
3680 8186
3681 5923
3682 8071
3683 2322
3684 8566
3685 4181
3686 2223
3687 3121
3688 7368
3689 8980
3690 1474
3691 2285
3692 5174
3693 3177
3694 5040
3695 6471
3696 6674
3697 8475
3698 4884
3699 200
3700 1417
3701 4202
3702 8378
3703 2614
3704 6074
3705 561
3706 6901
3707 1623
3708 2950
3709 8869
3710 4207
3711 7984
3712 7418
3713 9711
3714 2703
3715 4909
3716 7557
3717 8647
3718 2141
3719 8994
3720 2480
3721 8692
3722 3934
3723 9745
3724 8219
3725 17
3726 5892
3727 9071
3728 9116
3729 1898
3730 4248
3731 6021
3732 7740
3733 8408
3734 5049
3735 1069
3736 3756
3737 3498
3738 8212
3739 2974
3740 6525
3741 8137
3742 2042
3743 5493
3744 4987
3745 5221
3746 8345
3747 614
3748 361
3749 8590
3750 3546
3751 8495
3752 4717
3753 4286
3754 3990
3755 2675
3756 4107
3757 4148
3758 9483
3759 9381
3760 1724
3761 4956
3762 8989
3763 5117
3764 3064
3765 2172
3766 2435
3767 8792
3768 251
3769 231
3770 2334
3771 622
3772 4918
3773 749
3774 2005
3775 1919
3776 8895
3777 2384
3778 6345
3779 8345
3780 4272
3781 8817
3782 1622
3783 1792
3784 7100
3785 9906
3786 5310
3787 6384
3788 5611
3789 2409
3790 9325
3791 3920
3792 116
3793 175
3794 4270
3795 6098
3796 9718
3797 3486
3798 305
3799 7038
3800 7347
3801 3118
3802 4252
3803 1784
3804 8974
3805 9567
3806 5622
3807 1066
3808 8968
3809 3334
3810 2253
3811 9899
3812 9293
3813 7835
3814 6094
3815 2398
3816 5964
3817 5074
3818 641
3819 1612
3820 5860
3821 7338
3822 506
3823 4056
3824 2425
3825 327
3826 6648
3827 8166
3828 9510
3829 4019
3830 551
3831 4706
3832 6849
3833 2928
3834 9859
3835 9156
3836 4493
3837 8812
3838 2219
3839 2566
3840 5349
3841 6005
3842 424
3843 1400
3844 4167
3845 9942
3846 5059
3847 8127
3848 7401
3849 592
3850 4588
3851 4301
3852 1027
3853 836
3854 8743
3855 820
3856 1351
3857 513
3858 3622
3859 452
3860 8950
3861 3211
3862 3525
3863 7372
3864 1421
3865 1406
3866 9781
3867 374
3868 2727
3869 723
3870 9206
3871 5136
3872 4479
3873 136
3874 1648
3875 6856
3876 8133
3877 3948
3878 8638
3879 1722
3880 982
3881 1694
3882 7999
3883 7029
3884 3135
3885 4329
3886 1544
3887 9197
3888 4526
3889 6443
3890 4717
3891 386
3892 755
3893 9517
3894 1674
3895 7392
3896 2318
3897 8156
3898 5442
3899 7265
3900 6897
3901 6759
3902 1748
3903 4251
3904 9077
3905 6170
3906 4696
3907 1354
3908 7746
3909 3664
3910 475
3911 661
3912 130
3913 3585
3914 3884
3915 9085
3916 4591
3917 8700
3918 4395
3919 8133
3920 1697
3921 5383
3922 1687
3923 7315
3924 8799
3925 124
3926 1061
3927 1866
3928 3636
3929 77
3930 3557
3931 4776
3932 1438
3933 8081
3934 5177
3935 8137
3936 5584
3937 1151
3938 2709
3939 6835
3940 2283
3941 8944
3942 6026
3943 9716
3944 3338
3945 8532
3946 2528
3947 1211
3948 9633
3949 8862
3950 7644
3951 3429
3952 1503
3953 5600
3954 838
3955 9608
3956 8626
3957 1809
3958 2499
3959 6901
3960 1172
3961 9064
3962 6708
3963 7655
3964 5156
3965 3885
3966 8472
3967 4239
3968 7247
3969 6920
3970 6209
3971 5054
3972 3180
3973 7983
3974 2458
3975 655
3976 3398
3977 2318
3978 785
3979 6428
3980 2362
3981 2491
3982 9290
3983 339
3984 5758
3985 5424
3986 5370
3987 872
3988 5610
3989 1620
3990 4859
3991 4122
3992 3665
3993 6143
3994 14
3995 8361
3996 6511
3997 1420
3998 1710
3999 7890
4000 4593
4001 1620
4002 9796
4003 1866
4004 2940
4005 7130
4006 7195
4007 8186
4008 385
4009 2452
4010 2223
4011 7602
4012 466
4013 2126
4014 193
4015 7004
4016 4389
4017 5914
4018 3747
4019 7634
4020 6590
4021 5473
4022 9525
4023 3246
4024 1174
4025 5685
4026 5465
4027 2592
4028 3176
4029 5345
4030 8998
4031 5324
4032 6034
4033 259
4034 9554
4035 4139
4036 9269
4037 1919
4038 6916
4039 1387
4040 1807
4041 9950
4042 9611
4043 5825
4044 2908
4045 6906
4046 8767
4047 2975
4048 7581
4049 4491
4050 5978
4051 5600
4052 5556
4053 7361
4054 6799
4055 3861
4056 6221
4057 5671
4058 3158
4059 6019
4060 1900
4061 5475
4062 1985
4063 9222
4064 3180
4065 1685
4066 7467
4067 9845
4068 6339
4069 5589
4070 4267
4071 543
4072 2022
4073 3428
4074 6345
4075 1079
4076 3039
4077 7497
4078 728
4079 7563
4080 8889
4081 5173
4082 3470
4083 838
4084 732
4085 3961
4086 7457
4087 460
4088 4023
4089 9297
4090 7550
4091 625
4092 7929
4093 5940
4094 9277
4095 168
4096 8237
4097 1309
4098 5350
4099 3631
4100 9898
4101 4195
4102 4402
4103 9997
4104 6299
4105 2177
4106 7804
4107 5357
4108 1478
4109 2927
4110 2941
4111 3508
4112 9694
4113 5769
4114 7796
4115 2078
4116 2097
4117 2420
4118 8349
4119 8665
4120 8872
4121 5450
4122 8218
4123 3639
4124 5226
4125 99
4126 7732
4127 6056
4128 6568
4129 4765
4130 4973
4131 1659
4132 6961
4133 6277
4134 4267
4135 9919
4136 7019
4137 1095
4138 4577
4139 199
4140 5148
4141 8089
4142 8522
4143 7284
4144 196
4145 7399
4146 6227
4147 981
4148 6648
4149 5327
4150 1033
4151 483
4152 7023
4153 8363
4154 406
4155 6268
4156 3009
4157 5425
4158 4866
4159 7443
4160 2654
4161 5941
4162 210
4163 5921
4164 3841
4165 4564
4166 3330
4167 6878
4168 359
4169 6379
4170 2181
4171 9397
4172 4919
4173 6074
4174 6645
4175 7217
4176 2375
4177 883
4178 4513
4179 5521
4180 4568
4181 7828
4182 3593
4183 7970
4184 8091
4185 939
4186 9166
4187 6327
4188 9095
4189 9740
4190 6023
4191 9460
4192 4179
4193 6466
4194 2501
4195 5618
4196 7583
4197 8500
4198 3512
4199 3092
4200 604
4201 1575
4202 9431
4203 6321
4204 2007
4205 8705
4206 2890
4207 1366
4208 7970
4209 1838
4210 1376
4211 8025
4212 1160
4213 402
4214 4025
4215 7408
4216 1147
4217 9583
4218 1783
4219 7577
4220 5690
4221 8013
4222 7645
4223 9508
4224 9765
4225 6691
4226 6591
4227 5371
4228 140
4229 5214
4230 4065
4231 5296
4232 2167
4233 7878
4234 3932
4235 6719
4236 1617
4237 5244
4238 260
4239 3380
4240 7097
4241 5863
4242 4764
4243 1060
4244 6103
4245 5461
4246 9692
4247 8361
4248 208
4249 120
4250 5127
4251 5566
4252 2187
4253 7538
4254 4792
4255 5486
4256 3061
4257 536
4258 5103
4259 1125
4260 4456
4261 9293
4262 2289
4263 3018
4264 2161
4265 6023
4266 3317
4267 8251
4268 9059
4269 2478
4270 7962
4271 740
4272 5038
4273 2049
4274 4777
4275 5649
4276 6432
4277 7072
4278 782
4279 2867
4280 4271
4281 9985
4282 4870
4283 4988
4284 2283
4285 7713
4286 6302
4287 7405
4288 3106
4289 7699
4290 6080
4291 8411
4292 5204
4293 5819
4294 9423
4295 866
4296 5399
4297 2735
4298 9051
4299 9799
4300 1908
4301 5414
4302 9602
4303 8308
4304 6603
4305 6045
4306 7802
4307 8364
4308 5144
4309 3879
4310 7243
4311 1159
4312 5870
4313 1255
4314 9970
4315 9818
4316 8780
4317 3876
4318 5079
4319 4866
4320 6429
4321 3164
4322 9633
4323 1734
4324 7028
4325 2363
4326 1462
4327 1588
4328 3167
4329 1605
4330 3923
4331 529
4332 2123
4333 9671
4334 4287
4335 2302
4336 5196
4337 1399
4338 9639
4339 6756
4340 6900
4341 3070
4342 9796
4343 3525
4344 358
4345 9602
4346 737
4347 387
4348 648
4349 4980
4350 6842
4351 2250
4352 3622
4353 2951
4354 6901
4355 2596
4356 411
4357 1073
4358 1993
4359 9550
4360 9995
4361 2709
4362 6080
4363 2872
4364 8315
4365 5726
4366 3587
4367 9477
4368 1292
4369 9002
4370 2734
4371 5190
4372 9985
4373 6431
4374 4842
4375 3905
4376 4776
4377 8725
4378 650
4379 9670
4380 7605
4381 3504
4382 4757
4383 9873
4384 2452
4385 6809
4386 3020
4387 8123
4388 7267
4389 7956
4390 1457
4391 2288
4392 4370
4393 352
4394 9927
4395 9687
4396 1876
4397 9664
4398 7255
4399 7257
4400 8052
4401 4771
4402 8096
4403 8595
4404 6591
4405 8864
4406 9731
4407 9145
4408 3973
4409 9573
4410 1006
4411 8736
4412 4622
4413 6442
4414 8452
4415 1689
4416 653
4417 1699
4418 5708
4419 4086
4420 3645
4421 433
4422 140
4423 3045
4424 4901
4425 8256
4426 3572
4427 2875
4428 5530
4429 6822
4430 1274
4431 2339
4432 8481
4433 3789
4434 1321
4435 6962
4436 1055
4437 9227
4438 7757
4439 5104
4440 5693
4441 9839
4442 8210
4443 9273
4444 3694
4445 3121
4446 2743
4447 9820
4448 7350
4449 7203
4450 514
4451 1020
4452 3183
4453 325
4454 7835
4455 7502
4456 4361
4457 7918
4458 7804
4459 3137
4460 4133
4461 3211
4462 8274
4463 5292
4464 705
4465 1463
4466 7812
4467 1762
4468 7572
4469 3936
4470 9007
4471 486
4472 4816
4473 1849
4474 8224
4475 13
4476 1410
4477 3858
4478 7390
4479 2439
4480 3685
4481 7596
4482 8279
4483 5566
4484 8994
4485 1549
4486 1607
4487 2715
4488 2202
4489 138
4490 6662
4491 6120
4492 4221
4493 2328
4494 9910
4495 5947
4496 6305
4497 8226
4498 7545
4499 3414
4500 9136
4501 3023
4502 1557
4503 2167
4504 4518
4505 1169
4506 499
4507 6280
4508 4672
4509 6042
4510 5215
4511 6434
4512 373
4513 5261
4514 677
4515 7967
4516 663
4517 856
4518 9670
4519 7708
4520 9132
4521 8444
4522 6356
4523 1179
4524 9821
4525 5651
4526 1764
4527 439
4528 4322
4529 5036
4530 1365
4531 9310
4532 1109
4533 9434
4534 5457
4535 3827
4536 6113
4537 9777
4538 202
4539 9287
4540 5337
4541 7356
4542 3647
4543 7808
4544 4387
4545 2937
4546 9704
4547 3133
4548 4801
4549 2786
4550 8663
4551 6649
4552 5880
4553 7879
4554 413
4555 7022
4556 4268
4557 1531
4558 3047
4559 9210
4560 919
4561 2391
4562 5891
4563 4227
4564 96
4565 5374
4566 4706
4567 5783
4568 6326
4569 2416
4570 4577
4571 298
4572 3812
4573 2875
4574 5460
4575 971
4576 3849
4577 6168
4578 7694
4579 6564
4580 5788
4581 6526
4582 33
4583 5802
4584 6919
4585 3597
4586 2500
4587 6628
4588 2179
4589 6882
4590 6301
4591 75
4592 6362
4593 9474
4594 7952
4595 8415
4596 1542
4597 3082
4598 7190
4599 3178
4600 1404
4601 1212
4602 8171
4603 8237
4604 3261
4605 7280
4606 2744
4607 6912
4608 844
4609 8985
4610 5987
4611 4428
4612 5192
4613 3988
4614 2552
4615 2034
4616 4063
4617 2279
4618 6235
4619 1780
4620 9985
4621 65
4622 6182
4623 2586
4624 4445
4625 4831
4626 4909
4627 3288
4628 1756
4629 3443
4630 3394
4631 9246
4632 7140
4633 332
4634 8084
4635 8252
4636 3140
4637 6851
4638 991
4639 3405
4640 9644
4641 8073
4642 968
4643 9207
4644 2726
4645 7140
4646 6464
4647 5282
4648 3034
4649 7205
4650 819
4651 6405
4652 2927
4653 5122
4654 2257
4655 4561
4656 9834
4657 5163
4658 9402
4659 1621
4660 2261
4661 630
4662 5191
4663 5377
4664 4427
4665 6750
4666 6443
4667 2687
4668 4855
4669 2818
4670 1256
4671 1614
4672 7983
4673 1698
4674 4983
4675 2890
4676 4337
4677 9163
4678 4121
4679 2999
4680 5278
4681 5727
4682 5245
4683 7740
4684 8056
4685 9050
4686 1730
4687 3563
4688 7641
4689 7334
4690 7144
4691 4183
4692 9448
4693 8967
4694 6614
4695 462
4696 1666
4697 3266
4698 1213
4699 281
4700 6898
4701 3600
4702 3370
4703 1435
4704 2791
4705 9722
4706 720
4707 7930
4708 9849
4709 6704
4710 6809
4711 8228
4712 8827
4713 829
4714 8152
4715 2687
4716 3791
4717 5164
4718 9460
4719 7604
4720 2201
4721 8768
4722 5682
4723 2675
4724 541
4725 2131
4726 9807
4727 3215
4728 8968
4729 6263
4730 5302
4731 7447
4732 6215
4733 1606
4734 7409
4735 9064
4736 1506
4737 4237
4738 8708
4739 3522
4740 7853
4741 874
4742 3368
4743 619
4744 761
4745 7062
4746 737
4747 711
4748 7629
4749 7385
4750 8190
4751 6793
4752 4624
4753 9859
4754 3483
4755 9922
4756 598
4757 3963
4758 931
4759 4758
4760 3529
4761 8025
4762 6493
4763 6038
4764 6789
4765 7207
4766 8739
4767 4453
4768 6109
4769 4216
4770 3881
4771 4610
4772 4248
4773 2441
4774 7374
4775 2687
4776 7987
4777 3665
4778 5287
4779 204
4780 6684
4781 6636
4782 3449
4783 7469
4784 2194
4785 9667
4786 5333
4787 6069
4788 6508
4789 9302
4790 1964
4791 2802
4792 4613
4793 2451
4794 5382
4795 6007
4796 9099
4797 1006
4798 1451
4799 5650
4800 1308
4801 2781
4802 1927
4803 2202
4804 8569
4805 1081
4806 7735
4807 1629
4808 8347
4809 9392
4810 2231
4811 1258
4812 6731
4813 4370
4814 6241
4815 2586
4816 4220
4817 8438
4818 8491
4819 8565
4820 5024
4821 808
4822 2200
4823 2310
4824 8099
4825 780
4826 6577
4827 1439
4828 3149
4829 9973
4830 1054
4831 5578
4832 1060
4833 1172
4834 750
4835 5159
4836 4480
4837 8203
4838 9345
4839 1239
4840 7411
4841 5883
4842 6636
4843 6083
4844 7950
4845 2422
4846 5851
4847 7117
4848 8855
4849 6029
4850 8934
4851 5070
4852 3768
4853 4071
4854 2038
4855 7726
4856 4556
4857 2857
4858 7130
4859 4310
4860 2450
4861 3159
4862 2785
4863 2405
4864 1633
4865 8490
4866 5316
4867 7159
4868 8511
4869 8112
4870 1058
4871 3817
4872 1599
4873 9451
4874 4154
4875 606
4876 2830
4877 6351
4878 957
4879 1390
4880 3858
4881 4964
4882 7534
4883 7129
4884 4279
4885 7199
4886 6470
4887 181
4888 2025
4889 2273
4890 5687
4891 5701
4892 211
4893 6653
4894 7809
4895 8882
4896 3048
4897 479
4898 8649
4899 1942
4900 3226
4901 9153
4902 6906
4903 7664
4904 9739
4905 8706
4906 9847
4907 9881
4908 7547
4909 7117
4910 3144
4911 2604
4912 8224
4913 9151
4914 5407
4915 5109
4916 5218
4917 766
4918 6744
4919 4312
4920 7639
4921 4574
4922 9948
4923 9829
4924 3669
4925 3348
4926 5031
4927 6691
4928 8458
4929 9720
4930 2142
4931 9408
4932 4558
4933 7783
4934 3733
4935 275
4936 1232
4937 6864
4938 656
4939 5638
4940 3916
4941 4096
4942 5349
4943 9551
4944 1274
4945 7129
4946 3477
4947 1187
4948 4957
4949 2308
4950 7722
4951 137
4952 7343
4953 5724
4954 5172
4955 2863
4956 4252
4957 7115
4958 9515
4959 2619
4960 7369
4961 852
4962 5565
4963 4128
4964 7906
4965 6111
4966 6602
4967 4553
4968 5176
4969 2836
4970 7420
4971 3728
4972 9902
4973 243
4974 354
4975 7002
4976 4276
4977 3763
4978 72
4979 9023
4980 4449
4981 7175
4982 4957
4983 4936
4984 8331
4985 1616
4986 8137
4987 1482
4988 5000
4989 9569
4990 8826
4991 2092
4992 1270
4993 100
4994 2886
4995 2539
4996 1130
4997 8257
4998 3102
5002 44
5004 100
5006 44
